39737272534
75821760788
20020690238
64120580479
16566003954
80699720099
41660374728
28795486832
33226486651
15148202176
71002804565
71239728772
43352379979
76983989353
97690420512
15737035521
66140309915
22501830835
3009367989
62956932179
20776173616
42764268548
50011482164
78982893006
78906834152
57230511146
77049858395
58310287859
87606368853
3289447150
4625526431
87506901700
90545439989
23340745594
48267462534
81861836901
22420493580
64423806633
61885752352
3209151963
86563216267
23165613354
639294461
86974078652
52871433659
1420278958
71923185375
62538479394
16612873376
31447750759
